  -10.000000000000000        2.4240290565143975E-012
  -9.9398797595190373        4.9182210274602329E-012
  -9.8797595190380765        9.8362605204398476E-012
  -9.8196392785571138        1.9391350393907810E-011
  -9.7595190380761530        3.7683136336228537E-011
  -9.6993987975951903        7.2185936833305230E-011
  -9.6392785571142277        1.3631107463153811E-010
  -9.5791583166332668        2.5374063686112756E-010
  -9.5190380761523041        4.6562647587287933E-010
  -9.4589178356713433        8.4233279285658061E-010
  -9.3987975951903806        1.5022395894843867E-009
  -9.3386773547094197        2.6412944557953720E-009
  -9.2785571142284571        4.5785829508855773E-009
  -9.2184368737474944        7.8252580261923566E-009
  -9.1583166332665336        1.3186777328737013E-008
  -9.0981963927855709        2.1911546494841418E-008
  -9.0380761523046100        3.5902681854781805E-008
  -8.9779559118236474        5.8013503837559429E-008
  -8.9178356713426847        9.2451234738123132E-008
  -8.8577154308617239        1.4531673800023249E-007
  -8.7975951903807612        2.2531040905664588E-007
  -8.7374749498998003        3.4463484776379813E-007
  -8.6773547094188377        5.2012308504741986E-007
  -8.6172344689378750        7.7461647525157885E-007
  -8.5571142284569142        1.1386088729727593E-006
  -8.4969939879759515        1.6521639678684632E-006
  -8.4368737474949906        2.3671020034035743E-006
  -8.3767535070140280        3.3494427277996069E-006
  -8.3166332665330653        4.6820861706302180E-006
  -8.2565130260521045        6.4677148436737839E-006
  -8.1963927855711418        8.8319129701746179E-006
  -8.1362725450901809        1.1926521769090133E-005
  -8.0761523046092183        1.5933283704183022E-005
  -8.0160320641282574        2.1067868672604619E-005
  -7.9559118236472948        2.7584413195368236E-005
  -7.8957915831663330        3.5780727911040769E-005
  -7.8356713426853712        4.6004324647698666E-005
  -7.7755511022044086        5.8659367405482769E-005
  -7.7154308617234468        7.4214550190897742E-005
  -7.6553106212424851        9.3211744391189137E-005
  -7.5951903807615233        1.1627504590776364E-004
  -7.5350701402805615        1.4411960822162151E-004
  -7.4749498997995989        1.7755940748986993E-004
  -7.4148296593186371        2.1751289814727205E-004
  -7.3547094188376754        2.6500543836876773E-004
  -7.2945891783567136        3.2116744921866695E-004
  -7.2344689378757518        3.8722756259936263E-004
  -7.1743486973947901        4.6450053102751673E-004
  -7.1142284569138274        5.5437040307451061E-004
  -7.0541082164328657        6.5827035834033546E-004
  -6.9939879759519039        7.7766155081505960E-004
  -6.9338677354709422        9.1401420083234619E-004
  -6.8737474949899804        1.0687948539745804E-003
  -6.8136272545090177        1.2434640389388635E-003
  -6.7535070140280560        1.4394883752151602E-003
  -6.6933867735470942        1.6583704192608547E-003
  -6.6332665330661325        1.9016981724996810E-003
  -6.5731462925851707        2.1712142612716877E-003
  -6.5130260521042089        2.4689024753117841E-003
  -6.4529058116232463        2.7970868315210467E-003
  -6.3927855711422845        3.1585358885445509E-003
  -6.3326653306613228        3.5565629854965443E-003
  -6.2725450901803610        3.9951117289458342E-003
  -6.2124248496993992        4.4788156861849159E-003
  -6.1523046092184366        5.0130220676189901E-003
  -6.0921843687374748        5.6037712951736984E-003
  -6.0320641282565131        6.2577277145139517E-003
  -5.9719438877755513        6.9820611123565602E-003
  -5.9118236472945895        7.7842837744642708E-003
  -5.8517034068136278        8.6720530403856088E-003
  -5.7915831663326651        9.6529540392917765E-003
  -5.7314629258517034        1.0734280840399514E-002
  -5.6713426853707416        1.1922835974344820E-002
  -5.6112224448897798        1.3224767675077147E-002
  -5.5511022044088181        1.4645461000922766E-002
  -5.4909819639278563        1.6189493301241597E-002
  -5.4308617234468937        1.7860656772226133E-002
  -5.3707414829659319        1.9662041944719669E-002
  -5.3106212424849701        2.1596167030051860E-002
  -5.2505010020040084        2.3665130445378494E-002
  -5.1903807615230466        2.5870758847379115E-002
  -5.1302605210420840        2.8214721669948907E-002
  -5.0701402805611222        3.0698586072170814E-002
  -5.0100200400801604        3.3323793321275198E-002
  -4.9498997995991987        3.6091548238893448E-002
  -4.8897795591182369        3.9002626068160851E-002
  -4.8296593186372752        4.2057114146203653E-002
  -4.7695390781563125        4.5254117063409004E-002
  -4.7094188376753507        4.8591461656364854E-002
  -4.6492985971943890        5.2065440770224992E-002
  -4.5891783567134272        5.5670631520971799E-002
  -4.5290581162324655        5.9399814960961653E-002
  -4.4689378757515028        6.3244010682255658E-002
  -4.4088176352705410        6.7192623834955528E-002
  -4.3486973947895793        7.1233685650587422E-002
  -4.2885771543086175        7.5354154348340752E-002
  -4.2284569138276558        7.9540233525210141E-002
  -4.1683366733466940        8.3777661447496196E-002
  -4.1082164328657313        8.8051927856981613E-002
  -4.0480961923847696        9.2348384759097762E-002
  -3.9879759519038078        9.6652232959548973E-002
  -3.9278557114228461       0.10094838482031879     
  -3.8677354709418839       0.10522122323603428     
  -3.8076152304609221       0.10945429443387482     
  -3.7474949899799603       0.11362998533833561     
  -3.6873747494989981       0.11772924295724824     
  -3.6272545090180364       0.12173139243337931     
  -3.5671342685370746       0.12561410197532524     
  -3.5070140280561124       0.12935352776838854     
  -3.4468937875751506       0.13292465200761963     
  -3.3867735470941884       0.13630180487714053     
  -3.3266533066132267       0.13945933941929151     
  -3.2665330661322649       0.14237240952619043     
  -3.2064128256513027       0.14501778805231683     
  -3.1462925851703409       0.14737465587944398     
  -3.0861723446893792       0.14942529435024132     
  -3.0260521042084170       0.15115562254657264     
  -2.9659318637274552       0.15255553625390708     
  -2.9058116232464934       0.15361902524631074     
  -2.8456913827655312       0.15434406742305917     
  -2.7855711422845695       0.15473231985610506     
  -2.7254509018036077       0.15478864564343411     
  -2.6653306613226455       0.15452052968407951     
  -2.6052104208416837       0.15393744476327373     
  -2.5450901803607215       0.15305023102733759     
  -2.4849699398797598       0.15187054713281350     
  -2.4248496993987980       0.15041044085273728     
  -2.3647294589178358       0.14868207207156930     
  -2.3046092184368741       0.14669760367292997     
  -2.2444889779559123       0.14446925781442496     
  -2.1843687374749501       0.14200951848179985     
  -2.1242484969939883       0.13933144777946690     
  -2.0641282565130266       0.13644907446266971     
  -2.0040080160320644       0.13337780945679867     
  -1.9438877755511026       0.13013484455074287     
  -1.8837675350701406       0.12673949640905385     
  -1.8236472945891786       0.12321346725767439     
  -1.7635270541082169       0.11958100442684468     
  -1.7034068136272549       0.11586895166073007     
  -1.6432865731462929       0.11210669421302512     
  -1.5831663326653309       0.10832600619460624     
  -1.5230460921843691       0.10456081200601013     
  -1.4629258517034072       0.10084687421769822     
  -1.4028056112224452        9.7221418750073049E-002
  -1.3426853707414832        9.3722705775042797E-002
  -1.2825651302605214        9.0389552570497064E-002
  -1.2224448897795595        8.7260813519513286E-002
  -1.1623246492985975        8.4374823008048216E-002
  -1.1022044088176357        8.1768809038699861E-002
  -1.0420841683366737        7.9478288346700982E-002
 -0.98196392785571174        7.7536456762544947E-002
 -0.92184368737474986        7.5973590539271343E-002
 -0.86172344689378799        7.4816474590882448E-002
 -0.80160320641282601        7.4087871742014366E-002
 -0.74148296593186414        7.3806043380013536E-002
 -0.68136272545090215        7.3984327057921309E-002
 -0.62124248496994028        7.4630771716258135E-002
 -0.56112224448897829        7.5747827491944586E-002
 -0.50100200400801642        7.7332085627730904E-002
 -0.44088176352705449        7.9374065439052732E-002
 -0.38076152304609256        8.1858049703950039E-002
 -0.32064128256513064        8.4761976630933433E-002
 -0.26052104208416871        8.8057404553167684E-002
 -0.20040080160320681        9.1709573098909009E-002
 -0.14028056112224488        9.5677590038376212E-002
  -8.0160320641282951E-002   9.9914774680195537E-002
  -2.0040080160321036E-002  0.10436918538807725     
   4.0080160320640885E-002  0.10898434998562349     
  0.10020040080160281       0.11370020382258926     
  0.16032064128256474       0.11845422227648457     
  0.22044088176352666       0.12318271443935130     
  0.28056112224448859       0.12782222524851156     
  0.34068136272545047       0.13231097716680607     
  0.40080160320641239       0.13659027234747728     
  0.46092184368737432       0.14060577408698388     
  0.52104208416833631       0.14430859335691559     
  0.58116232464929818       0.14765612214907203     
  0.64128256513026005       0.15061257876078737     
  0.70140280561122204       0.15314925826180789     
  0.76152304609218391       0.15524451060009722     
  0.82164328657314589       0.15688349512289959     
  0.88176352705410777       0.15805777994559930     
  0.94188376753506975       0.15876486467742162     
   1.0020040080160317       0.15900770394440442     
   1.0621242484969935       0.15879429702104647     
   1.1222444889779555       0.15813738745499750     
   1.1823647294589175       0.15705428903002050     
   1.2424849699398792       0.15556682487404730     
   1.3026052104208412       0.15370133936773392     
   1.3627254509018032       0.15148872171385094     
   1.4228456913827652       0.14896436853278905     
   1.4829659318637269       0.14616801215387973     
   1.5430861723446889       0.14314335126662936     
   1.6032064128256509       0.13993743966617495     
   1.6633266533066127       0.13659981419436537     
   1.7234468937875747       0.13318137119536605     
   1.7835671342685366       0.12973302831521943     
   1.8436873747494986       0.12630423212628542     
   1.9038076152304604       0.12294138949442990     
   1.9639278557114224       0.11968631048844976     
   2.0240480961923843       0.11657475266208707     
   2.0841683366733461       0.11363515133624429     
   2.1442885771543083       0.11088760935434686     
   2.2044088176352701       0.10834320432347889     
   2.2645290581162318       0.10600365330600472     
   2.3246492985971940       0.10386135584667583     
   2.3847695390781558       0.10189981735337156     
   2.4448897795591176       0.10009443707526398     
   2.5050100200400798        9.8413628783779253E-002
   2.5651302605210415        9.6820228051816282E-002
   2.6252505010020033        9.5273127900757010E-002
   2.6853707414829655        9.3729074668494311E-002
   2.7454909819639273        9.2144548422858560E-002
   2.8056112224448895        9.0477647371400391E-002
   2.8657314629258512        8.8689893852219703E-002
   2.9258517034068130        8.6747881019324763E-002
   2.9859719438877752        8.4624684607841505E-002
   3.0460921843687370        8.2300973397416294E-002
   3.1062124248496987        7.9765765185544499E-002
   3.1663326653306609        7.7016791942902590E-002
   3.2264529058116227        7.4060457716516329E-002
   3.2865731462925845        7.0911394787543436E-002
   3.3466933867735467        6.7591646269276356E-002
   3.4068136272545084        6.4129525188578271E-002
   3.4669338677354702        6.0558219440276985E-002
   3.5270541082164324        5.6914227173521854E-002
   3.5871743486973942        5.3235716703152816E-002
   3.6472945891783564        4.9560907872363121E-002
   3.7074148296593181        4.5926567420376402E-002
   3.7675350701402799        4.2366699502883930E-002
   3.8276553106212421        3.8911494966271117E-002
   3.8877755511022039        3.5586580852030057E-002
   3.9478957915831656        3.2412586991901776E-002
   4.0080160320641278        2.9405021827836178E-002
   4.0681362725450896        2.6574427143718105E-002
   4.1282565130260513        2.3926763329499223E-002
   4.1883767535070131        2.1463964661735255E-002
   4.2484969939879758        1.9184598685601580E-002
   4.3086172344689375        1.7084565108726413E-002
   4.3687374749498993        1.5157776870132686E-002
   4.4288577154308610        1.3396777798623262E-002
   4.4889779559118228        1.1793265694723026E-002
   4.5490981963927846        1.0338504805771661E-002
   4.6092184368737472        9.0236257104967955E-003
   4.6693386773547090        7.8398221573215271E-003
   4.7294589178356707        6.7784625017309448E-003
   4.7895791583166325        5.8311377300724514E-003
   4.8496993987975943        4.9896688459830241E-003
   4.9098196392785569        4.2460942624547434E-003
   4.9699398797595187        3.5926536848380256E-003
   5.0300601202404804        3.0217797777792152E-003
   5.0901803607214422        2.5261036063080984E-003
   5.1503006012024040        2.0984751663945087E-003
   5.2104208416833657        1.7319967570729249E-003
   5.2705410821643284        1.4200647079007105E-003
   5.3306613226452901        1.1564140340423381E-003
   5.3907815631262519        9.3516073803392834E-004
   5.4509018036072137        7.5083739844389742E-004
   5.5110220440881754        5.9841903649569394E-004
   5.5711422845691381        4.7333771776319122E-004
   5.6312625250500998        3.7148568371810265E-004
   5.6913827655310616        2.8920786298215003E-004
   5.7515030060120234        2.2328531845181403E-004
   5.8116232464929851        1.7091155033942271E-004
   5.8717434869739469        1.2966365220274021E-004
   5.9318637274549095        9.7470187486055056E-005
   5.9919839679358713        7.2577401733188646E-005
   6.0521042084168331        5.3515082730923524E-005
   6.1122244488977948        3.9063080205853178E-005
   6.1723446893787566        2.8219229922457963E-005
   6.2324649298597192        2.0169207255792155E-005
   6.2925851703406810        1.4258662423939427E-005
   6.3527054108216428        9.9678559651497403E-006
   6.4128256513026045        6.8889086348106817E-006
   6.4729458917835663        4.7056955475304033E-006
   6.5330661322645280        3.1763437227301318E-006
   6.5931863727454907        2.1182319445752757E-006
   6.6533066132264524        1.3953412695877745E-006
   6.7134268537074142        9.0776432548824958E-007
   6.7735470941883760        5.8315285447242411E-007
   6.8336673346693377        3.6986644662888860E-007
   6.8937875751502995        2.3158088541093422E-007
   6.9539078156312621        1.4312081038528241E-007
   7.0140280561122239        8.7296514271362967E-008
   7.0741482965931857        5.2546176319538232E-008
   7.1342685370741474        3.1210121992771254E-008
   7.1943887775551092        1.8290417166068046E-008
   7.2545090180360718        1.0575296032240973E-008
   7.3146292585170336        6.0321513329479960E-009
   7.3747494989979954        3.3941843498415276E-009
   7.4348697394789571        1.8838977846823569E-009
   7.4949899799599189        1.0313721549522621E-009
   7.5551102204408807        5.5691523269569986E-010
   7.6152304609218433        2.9659219263197941E-010
   7.6753507014028051        1.5577946073252308E-010
   7.7354709418837668        8.0690975252093872E-011
   7.7955911823647286        4.1218271846199315E-011
   7.8557114228456904        2.0763071676583687E-011
   7.9158316633266530        1.0313794736188739E-011
   7.9759519038076148        5.0519546812329727E-012
   8.0360721442885765        2.4400818562235410E-012
   8.0961923847695392        1.1621014245277565E-012
   8.1563126252505000        5.4571988401557827E-013
   8.2164328657314627        2.5268164526678608E-013
   8.2765531062124236        1.1535819172740390E-013
   8.3366733466933862        5.1926277778533694E-014
   8.3967935871743471        2.3045366379438484E-014
   8.4569138276553097        1.0083976227111677E-014
   8.5170340681362724        4.3503708036427415E-015
   8.5771543086172333        1.8503839765515872E-015
   8.6372745490981959        7.7595001446698701E-016
   8.6973947895791568        3.2080225779540370E-016
   8.7575150300601194        1.3075810692775137E-016
   8.8176352705410821        5.2544029280062089E-017
   8.8777555110220430        2.0816029451413442E-017
   8.9378757515030056        8.1299640823488507E-018
   8.9979959919839665        3.1303450127875895E-018
   9.0581162324649291        1.1882434859745231E-018
   9.1182364729458918        4.4465717935592754E-019
   9.1783567134268527        1.6403968662931881E-019
   9.2384769539078153        5.9658670853361642E-020
   9.2985971943887762        2.1389302872369381E-020
   9.3587174348697388        7.5598924203028198E-021
   9.4188376753507015        2.6340751143055982E-021
   9.4789579158316624        9.0475705894946549E-022
   9.5390781563126250        3.0635496102629867E-022
   9.5991983967935859        1.0225978753129399E-022
   9.6593186372745485        3.3648823907209543E-023
   9.7194388777555094        1.0914856022372707E-023
   9.7795591182364721        3.4901766668437921E-024
   9.8396793587174347        1.1001611823719296E-024
   9.8997995991983956        3.4185585907115398E-025
   9.9599198396793582        1.0471427760171977E-025
   10.020040080160319        3.1618652414287217E-026
   10.080160320641282        9.4113921410235644E-027
   10.140280561122244        2.7614422742852062E-027
   10.200400801603205        7.9870836966301689E-028
   10.260521042084168        2.2772425857621954E-028
   10.320641282565129        6.4002631053972559E-029
   10.380761523046091        1.7731788648447197E-029
   10.440881763527054        4.8425288063558403E-030
   10.501002004008015        1.3036338478398515E-030
   10.561122244488978        3.4594067660323002E-031
   10.621242484969939        9.0491772618957536E-032
   10.681362725450901        2.3333341318429594E-032
   10.741482965931862        5.9306745145992112E-033
   10.801603206412825        1.4858998545684538E-033
   10.861723446893787        3.6697146255234712E-034
   10.921843687374748        8.9337004301584644E-035
   10.981963927855711        2.1438079872366368E-035
   11.042084168336672        5.0710148801713542E-036
   11.102204408817634        1.1823811768022502E-036
   11.162324649298597        2.7175209349152464E-037
   11.222444889779558        6.1565899652680681E-038
   11.282565130260521        1.3748606999713324E-038
   11.342685370741481        3.0264083091252564E-039
   11.402805611222444        6.5666813022232573E-040
   11.462925851703407        1.4044724250963186E-040
   11.523046092184368        2.9609333842823873E-041
   11.583166332665330        6.1530649955264719E-042
   11.643286573146291        1.2603789407727059E-042
   11.703406813627254        2.5448189221568208E-043
   11.763527054108216        5.0647510706523644E-044
   11.823647294589177        9.9358305246006202E-045
   11.883767535070140        1.9212969417325664E-045
   11.943887775551101        3.6620853842232859E-046
   12.004008016032063        6.8802707207574346E-047
   12.064128256513024        1.2741633771860451E-047
   12.124248496993987        2.3258767567441755E-048
   12.184368737474950        4.1849448787693811E-049
   12.244488977955911        7.4222185219300506E-050
   12.304609218436873        1.2975323174924584E-050
   12.364729458917834        2.2358496627419750E-051
   12.424849699398797        3.7975763092143239E-052
   12.484969939879759        6.3578379921116641E-053
   12.545090180360720        1.0491823956623942E-053
   12.605210420841683        1.7065958590760376E-054
   12.665330661322644        2.7362017199550701E-055
   12.725450901803606        4.3241709493724513E-056
   12.785571142284569        6.7358827025741071E-057
   12.845691382765530        1.0342432709679670E-057
   12.905811623246493        1.5652619880599977E-058
   12.965931863727453        2.3350014222537162E-059
   13.026052104208416        3.4333863444190251E-060
   13.086172344689377        4.9761477348781673E-061
   13.146292585170340        7.1088373411932906E-062
   13.206412825651302        1.0010096800557698E-062
   13.266533066132263        1.3893512019116310E-063
   13.326653306613226        1.9007261620555615E-064
   13.386773547094187        2.5630702123204018E-065
   13.446893787575149        3.4067055146851318E-066
   13.507014028056112        4.4631504893977586E-067
   13.567134268537073        5.7634300957072052E-068
   13.627254509018035        7.3358900550489282E-069
   13.687374749498996        9.2035761868219089E-070
   13.747494989979959        1.1381307576965851E-070
   13.807615230460922        1.3872642748859821E-071
   13.867735470941883        1.6667002017563088E-072
   13.927855711422845        1.9737255953647899E-073
   13.987975951903806        2.3038108536111392E-074
   14.048096192384769        2.6505585181334662E-075
   14.108216432865731        3.0057875269174018E-076
   14.168336673346692        3.3597676411359721E-077
   14.228456913827655        3.7016050359948136E-078
   14.288577154308616        4.0197641423882797E-079
   14.348697394789578        4.3026946091600772E-080
   14.408817635270539        4.5395178716485141E-081
   14.468937875751502        4.7207173849994319E-082
   14.529058116232465        4.8387718635000610E-083
   14.589178356713425        4.8886729240652087E-084
   14.649298597194388        4.8682775145393080E-085
   14.709418837675349        4.7784605737093460E-086
   14.769539078156312        4.6230527709189138E-087
   14.829659318637274        4.4085694986265360E-088
   14.889779559118235        4.1437578333757650E-089
   14.949899799599198        3.8390053526888536E-090
   15.010020040080159        3.5056664277342024E-091
   15.070140280561121        3.1553666546310456E-092
   15.130260521042084        2.7993441690482934E-093
   15.190380761523045        2.4478784045002161E-094
   15.250501002004007        2.1098438993991839E-095
   15.310621242484968        1.7924110410101214E-096
   15.370741482965931        1.5008993366121841E-097
   15.430861723446894        1.2387739382298577E-098
   15.490981963927855        1.0077642929144885E-099
   15.551102204408817        8.0807591213605665E-101
   15.611222444889778        6.3866265678124775E-102
   15.671342685370741        4.9752732165006420E-103
   15.731462925851702        3.8202191832431354E-104
   15.791583166332664        2.8912486918388057E-105
   15.851703406813627        2.1567923279672997E-106
   15.911823647294588        1.5858306824846624E-107
   15.971943887775550        1.1492931115358800E-108
   16.032064128256511        8.2097548773637869E-110
   16.092184368737474        5.7803598639640142E-111
   16.152304609218437        4.0114812446031806E-112
   16.212424849699399        2.7439725543974163E-113
   16.272545090180358        1.8500342804600155E-114
   16.332665330661321        1.2294325681748618E-115
   16.392785571142284        8.0529404648051788E-117
   16.452905811623246        5.1991100961868633E-118
   16.513026052104209        3.3084776627797894E-119
   16.573146292585168        2.0751618967408592E-120
   16.633266533066131        1.2829220422918432E-121
   16.693386773547093        7.8175915536677428E-123
   16.753507014028056        4.6953723210796861E-124
   16.813627254509019        2.7796580360044729E-125
   16.873747494989978        1.6219479337800323E-126
   16.933867735470940        9.3283875101955925E-128
   16.993987975951903        5.2881079394421101E-129
   17.054108216432866        2.9547316106851796E-130
   17.114228456913828        1.6272702851071965E-131
   17.174348697394787        8.8333454207524847E-133
   17.234468937875750        4.7262265292964109E-134
   17.294589178356713        2.4924565307658770E-135
   17.354709418837675        1.2955802853160051E-136
   17.414829659318634        6.6378080386323342E-138
   17.474949899799597        3.3520354981623802E-139
   17.535070140280560        1.6684609096095560E-140
   17.595190380761522        8.1855320714375040E-142
   17.655310621242485        3.9582315021701334E-143
   17.715430861723444        1.8865955817720569E-144
   17.775551102204407        8.8629791940657749E-146
   17.835671342685369        4.1039672958055722E-147
   17.895791583166332        1.8730580990471757E-148
   17.955911823647295        8.4260058116874154E-150
   18.016032064128254        3.7360730717975027E-151
   18.076152304609217        1.6327963672812924E-152
   18.136272545090179        7.0335033884654521E-154
   18.196392785571142        2.9863062624660835E-155
   18.256513026052104        1.2497407040622533E-156
   18.316633266533064        5.1549964392372202E-158
   18.376753507014026        2.0958474489455234E-159
   18.436873747494989        8.3987329333641741E-161
   18.496993987975952        3.3173450055862590E-162
   18.557114228456914        1.2914875917454825E-163
   18.617234468937873        4.9557857934508773E-165
   18.677354709418836        1.8743792589675766E-166
   18.737474949899799        6.9875516858645986E-168
   18.797595190380761        2.5675279626424999E-169
   18.857715430861724        9.2988208928711270E-171
   18.917835671342683        3.3194268469240473E-172
   18.977955911823646        1.1679407415718279E-173
   19.038076152304608        4.0504284954505201E-175
   19.098196392785571        1.3845337785241677E-176
   19.158316633266534        4.6647517494399163E-178
   19.218436873747493        1.5490872591550871E-179
   19.278557114228455        5.0704390232145451E-181
   19.338677354709418        1.6358276891602348E-182
   19.398797595190381        5.2017781611366521E-184
   19.458917835671343        1.6303781759323122E-185
   19.519038076152302        5.0367118745788896E-187
   19.579158316633265        1.5336563769640140E-188
   19.639278557114228        4.6028963924413822E-190
   19.699398797595190        1.3616217722496792E-191
   19.759519038076149        3.9701224708741140E-193
   19.819639278557112        1.1409679023459277E-194
   19.879759519038075        3.2319529737677628E-196
   19.939879759519037        9.0235763986888035E-198
   20.000000000000000        2.4832154705410864E-199
