  -10.000000000000000        6.9689105289956571E-011
  -9.9699699699699700        9.4497122561414994E-011
  -9.9399399399399400        1.2767522540080925E-010
  -9.9099099099099099        1.7188149643691635E-010
  -9.8798798798798799        2.3056116747931791E-010
  -9.8498498498498499        3.0816112573110384E-010
  -9.8198198198198199        4.1039712898835261E-010
  -9.7897897897897899        5.4458500601940969E-010
  -9.7597597597597598        7.2004906957675154E-010
  -9.7297297297297298        9.4862313716768634E-010
  -9.6996996996996998        1.2452619304679927E-009
  -9.6696696696696698        1.6287831885862635E-009
  -9.6396396396396398        2.1227635498397707E-009
  -9.6096096096096097        2.7566140810163945E-009
  -9.5795795795795797        3.5668641921707276E-009
  -9.5495495495495497        4.5986854759491928E-009
  -9.5195195195195197        5.9076896348593781E-009
  -9.4894894894894897        7.5620369615925288E-009
  -9.4594594594594597        9.6448936408864910E-009
  -9.4294294294294296        1.2257277240910314E-008
  -9.3993993993993996        1.5521329922939606E-008
  -9.3693693693693696        1.9584057858494630E-008
  -9.3393393393393396        2.4621572819008409E-008
  -9.3093093093093096        3.0843867594661792E-008
  -9.2792792792792795        3.8500150500152874E-008
  -9.2492492492492495        4.7884755435676293E-008
  -9.2192192192192195        5.9343632512224375E-008
  -9.1891891891891895        7.3281409881669230E-008
  -9.1591591591591595        9.0168999954199081E-008
  -9.1291291291291294        1.1055170254197093E-007
  -9.0990990990990994        1.3505773364960275E-007
  -9.0690690690690694        1.6440708178395787E-007
  -9.0390390390390394        1.9942056408035249E-007
  -9.0090090090090094        2.4102892272377291E-007
  -8.9789789789789793        2.9028176876626908E-007
  -8.9489489489489493        3.4835614640387645E-007
  -8.9189189189189193        4.1656445719710249E-007
  -8.8888888888888893        4.9636145193400582E-007
  -8.8588588588588593        5.8934996938227032E-007
  -8.8288288288288292        6.9728507776856006E-007
  -8.7987987987987992        8.2207625830371985E-007
  -8.7687687687687692        9.6578726235895191E-007
  -8.7387387387387392        1.1306332769099644E-006
  -8.7087087087087092        1.3189750484361905E-006
  -8.6786786786786791        1.5333096452375065E-006
  -8.6486486486486491        1.7762575834630469E-006
  -8.6186186186186191        2.0505461039770505E-006
  -8.5885885885885891        2.3589884659302223E-006
  -8.5585585585585591        2.7044592183412948E-006
  -8.5285285285285291        3.0898655221675617E-006
  -8.4984984984984990        3.5181147204892558E-006
  -8.4684684684684690        3.9920784909220191E-006
  -8.4384384384384390        4.5145540586977933E-006
  -8.4084084084084090        5.0882230966563275E-006
  -8.3783783783783790        5.7156090845240384E-006
  -8.3483483483483489        6.3990340385189458E-006
  -8.3183183183183189        7.1405756472136219E-006
  -8.2882882882882889        7.9420259541477660E-006
  -8.2582582582582589        8.8048528053370725E-006
  -8.2282282282282289        9.7301653243061063E-006
  -8.1981981981981988        1.0718684682934050E-005
  -8.1681681681681688        1.1770721398569783E-005
  -8.1381381381381388        1.2886160303175897E-005
  -8.1081081081081088        1.4064454196951154E-005
  -8.0780780780780788        1.5304627017100894E-005
  -8.0480480480480487        1.6605287124422702E-005
  -8.0180180180180187        1.7964651040635196E-005
  -7.9879879879879878        1.9380577664655111E-005
  -7.9579579579579578        2.0850612665277518E-005
  -7.9279279279279278        2.2372042401898953E-005
  -7.8978978978978978        2.3941956376703614E-005
  -7.8678678678678677        2.5557316885055393E-005
  -7.8378378378378377        2.7215034220387093E-005
  -7.8078078078078077        2.8912045520482505E-005
  -7.7777777777777777        3.0645395127995666E-005
  -7.7477477477477477        3.2412314192379559E-005
  -7.7177177177177176        3.4210297174200442E-005
  -7.6876876876876876        3.6037172934555159E-005
  -7.6576576576576576        3.7891168207255010E-005
  -7.6276276276276276        3.9770961461172308E-005
  -7.5975975975975976        4.1675725462234980E-005
  -7.5675675675675675        4.3605157232406647E-005
  -7.5375375375375375        4.5559494565901025E-005
  -7.5075075075075075        4.7539518786251967E-005
  -7.4774774774774775        4.9546543993682887E-005
  -7.4474474474474475        5.1582393639683981E-005
  -7.4174174174174174        5.3649365852036994E-005
  -7.3873873873873874        5.5750189494893436E-005
  -7.3573573573573574        5.7887973461099581E-005
  -7.3273273273273274        6.0066152135030150E-005
  -7.2972972972972974        6.2288430313111421E-005
  -7.2672672672672673        6.4558731108525175E-005
  -7.2372372372372373        6.6881150482798977E-005
  -7.2072072072072073        6.9259922031321894E-005
  -7.1771771771771773        7.1699395498697559E-005
  -7.1471471471471473        7.4204032215082716E-005
  -7.1171171171171173        7.6778420233520402E-005
  -7.0870870870870872        7.9427311423145366E-005
  -7.0570570570570572        8.2155682151038539E-005
  -7.0270270270270272        8.4968818487300970E-005
  -6.9969969969969972        8.7872426117445408E-005
  -6.9669669669669672        9.0872764369189532E-005
  -6.9369369369369371        9.3976802983654893E-005
  -6.9069069069069071        9.7192399509955066E-005
  -6.8768768768768771        1.0052849450186113E-004
  -6.8468468468468471        1.0399532106788510E-004
  -6.8168168168168171        1.0760462479074519E-004
  -6.7867867867867870        1.1136988960387694E-004
  -6.7567567567567570        1.1530656490241166E-004
  -6.7267267267267270        1.1943228898031149E-004
  -6.6966966966966970        1.2376710382644763E-004
  -6.6666666666666670        1.2833365637852451E-004
  -6.6366366366366369        1.3315738151962358E-004
  -6.6066066066066069        1.3826666239960016E-004
  -6.5765765765765769        1.4369296406215981E-004
  -6.5465465465465469        1.4947093684633975E-004
  -6.5165165165165169        1.5563848659554455E-004
  -6.4864864864864868        1.6223680933542055E-004
  -6.4564564564564568        1.6931038876109991E-004
  -6.4264264264264268        1.7690695559282080E-004
  -6.3963963963963968        1.8507740860565654E-004
  -6.3663663663663668        1.9387569790391335E-004
  -6.3363363363363367        2.0335867178441756E-004
  -6.3063063063063067        2.1358588930666997E-004
  -6.2762762762762767        2.2461940145318440E-004
  -6.2462462462462467        2.3652350451176441E-004
  -6.2162162162162167        2.4936447003382037E-004
  -6.1861861861861867        2.6321025640968417E-004
  -6.1561561561561557        2.7813020774227501E-004
  -6.1261261261261257        2.9419474628318798E-004
  -6.0960960960960957        3.1147506520775859E-004
  -6.0660660660660657        3.3004282893498810E-004
  -6.0360360360360357        3.4996988853132496E-004
  -6.0060060060060056        3.7132801996127518E-004
  -5.9759759759759756        3.9418869305092954E-004
  -5.9459459459459456        4.1862287900229592E-004
  -5.9159159159159156        4.4470090412894502E-004
  -5.8858858858858856        4.7249235717139628E-004
  -5.8558558558558556        5.0206605709170182E-004
  -5.8258258258258255        5.3349008764244773E-004
  -5.7957957957957955        5.6683190426016464E-004
  -5.7657657657657655        6.0215851795585420E-004
  -5.7357357357357355        6.3953675987683367E-004
  -5.7057057057057055        6.7903362910893932E-004
  -5.6756756756756754        7.2071672509217905E-004
  -5.6456456456456454        7.6465476475431806E-004
  -5.6156156156156154        8.1091818314325543E-004
  -5.5855855855855854        8.5957981498025512E-004
  -5.5555555555555554        9.1071565317864787E-004
  -5.5255255255255253        9.6440567899597597E-004
  -5.4954954954954953        1.0207347571265322E-003
  -5.4654654654654653        1.0797935877128577E-003
  -5.4354354354354353        1.1416797059736678E-003
  -5.4054054054054053        1.2064985189267335E-003
  -5.3753753753753752        1.2743643675446181E-003
  -5.3453453453453452        1.3454016016342006E-003
  -5.3153153153153152        1.4197456537963561E-003
  -5.2852852852852852        1.4975440980191615E-003
  -5.2552552552552552        1.5789576778104668E-003
  -5.2252252252252251        1.6641612883042689E-003
  -5.1951951951951951        1.7533448965112587E-003
  -5.1651651651651651        1.8467143838495400E-003
  -5.1351351351351351        1.9444922953168258E-003
  -5.1051051051051051        2.0469184801746349E-003
  -5.0750750750750750        2.1542506098296914E-003
  -5.0450450450450450        2.2667645597354421E-003
  -5.0150150150150150        2.3847546436038280E-003
  -4.9849849849849850        2.5085336900177203E-003
  -4.9549549549549550        2.6384329536499008E-003
  -4.9249249249249250        2.7748018557079328E-003
  -4.8948948948948949        2.9180075508928424E-003
  -4.8648648648648649        3.0684343210365663E-003
  -4.8348348348348349        3.2264827986027414E-003
  -4.8048048048048049        3.3925690263279986E-003
  -4.7747747747747749        3.5671233623610697E-003
  -4.7447447447447448        3.7505892432386596E-003
  -4.7147147147147148        3.9434218198323339E-003
  -4.6846846846846848        4.1460864839202123E-003
  -4.6546546546546548        4.3590573052048253E-003
  -4.6246246246246248        4.5828154003367816E-003
  -4.5945945945945947        4.8178472567710099E-003
  -4.5645645645645647        5.0646430350246669E-003
  -4.5345345345345347        5.3236948731178986E-003
  -4.5045045045045047        5.5954952166626078E-003
  -4.4744744744744747        5.8805351972422591E-003
  -4.4444444444444446        6.1793030804447157E-003
  -4.4144144144144146        6.4922828032461426E-003
  -4.3843843843843846        6.8199526184593087E-003
  -4.3543543543543546        7.1627838617634269E-003
  -4.3243243243243246        7.5212398545160056E-003
  -4.2942942942942945        7.8957749532048878E-003
  -4.2642642642642645        8.2868337541300487E-003
  -4.2342342342342345        8.6948504597888360E-003
  -4.2042042042042045        9.1202484115429049E-003
  -4.1741741741741745        9.5634397915190985E-003
  -4.1441441441441444        1.0024825495352057E-002
  -4.1141141141141144        1.0504795176338483E-002
  -4.0840840840840844        1.1003727460780946E-002
  -4.0540540540540544        1.1521990333741098E-002
  -4.0240240240240244        1.2059941694001330E-002
  -3.9939939939939939        1.2617930076676585E-002
  -3.9639639639639639        1.3196295541532900E-002
  -3.9339339339339339        1.3795370724545952E-002
  -3.9039039039039038        1.4415482049469333E-002
  -3.8738738738738738        1.5056951095120244E-002
  -3.8438438438438438        1.5720096112598437E-002
  -3.8138138138138138        1.6405233684743177E-002
  -3.7837837837837838        1.7112680517733347E-002
  -3.7537537537537538        1.7842755351862055E-002
  -3.7237237237237237        1.8595780975218485E-002
  -3.6936936936936937        1.9372086320342489E-002
  -3.6636636636636637        2.0172008619968436E-002
  -3.6336336336336337        2.0995895593907903E-002
  -3.6036036036036037        2.1844107635046867E-002
  -3.5735735735735736        2.2717019958530434E-002
  -3.5435435435435436        2.3615024674680952E-002
  -3.5135135135135136        2.4538532743163449E-002
  -3.4834834834834836        2.5487975763605841E-002
  -3.4534534534534536        2.6463807556410240E-002
  -3.4234234234234235        2.7466505487022716E-002
  -3.3933933933933935        2.8496571487529414E-002
  -3.3633633633633635        2.9554532731226022E-002
  -3.3333333333333335        3.0640941918744828E-002
  -3.3033033033033035        3.1756377138426148E-002
  -3.2732732732732734        3.2901441268898525E-002
  -3.2432432432432434        3.4076760897979126E-002
  -3.2132132132132134        3.5282984739208476E-002
  -3.1831831831831834        3.6520781535061088E-002
  -3.1531531531531534        3.7790837444253128E-002
  -3.1231231231231233        3.9093852919093362E-002
  -3.0930930930930933        4.0430539087568350E-002
  -3.0630630630630633        4.1801613663234087E-002
  -3.0330330330330333        4.3207796414144489E-002
  -3.0030030030030033        4.4649804229475384E-002
  -2.9729729729729732        4.6128345829161185E-002
  -2.9429429429429428        4.7644116167620668E-002
  -2.9129129129129128        4.9197790587197414E-002
  -2.8828828828828827        5.0790018780494314E-002
  -2.8528528528528527        5.2421418622909693E-002
  -2.8228228228228227        5.4092569937808185E-002
  -2.7927927927927927        5.5804008256511058E-002
  -2.7627627627627627        5.7556218634024311E-002
  -2.7327327327327327        5.9349629579092074E-002
  -2.7027027027027026        6.1184607153916215E-002
  -2.6726726726726726        6.3061449294948932E-002
  -2.6426426426426426        6.4980380401467322E-002
  -2.6126126126126126        6.6941546233652657E-002
  -2.5825825825825826        6.8945009156507975E-002
  -2.5525525525525525        7.0990743760407538E-002
  -2.5225225225225225        7.3078632883568626E-002
  -2.4924924924924925        7.5208464056194496E-002
  -2.4624624624624625        7.7379926380891459E-002
  -2.4324324324324325        7.9592607858805758E-002
  -2.4024024024024024        8.1845993166360514E-002
  -2.3723723723723724        8.4139461883023348E-002
  -2.3423423423423424        8.6472287166655545E-002
  -2.3123123123123124        8.8843634869395519E-002
  -2.2822822822822824        9.1252563083818031E-002
  -2.2522522522522523        9.3698022106372805E-002
  -2.2222222222222223        9.6178854802737385E-002
  -2.1921921921921923        9.8693797357617075E-002
  -2.1621621621621623       0.10124148039014413     
  -2.1321321321321323       0.10382043041468945     
  -2.1021021021021022       0.10642907162627964     
  -2.0720720720720722       0.10906572798967869     
  -2.0420420420420422       0.11172862561121961     
  -2.0120120120120122       0.11441589537360285     
  -1.9819819819819819       0.11712557581493954     
  -1.9519519519519519       0.11985561623546463     
  -1.9219219219219219       0.12260388001761452     
  -1.8918918918918919       0.12536814814832650     
  -1.8618618618618619       0.12814612293573258     
  -1.8318318318318318       0.13093543191638565     
  -1.8018018018018018       0.13373363195306889     
  -1.7717717717717718       0.13653821352787129     
  -1.7417417417417418       0.13934660523892439     
  -1.7117117117117118       0.14215617851375409     
  -1.6816816816816818       0.14496425255542769     
  -1.6516516516516517       0.14776809954094339     
  -1.6216216216216217       0.15056495009340692     
  -1.5915915915915917       0.15335199905077612     
  -1.5615615615615617       0.15612641155402449     
  -1.5315315315315317       0.15888532947628614     
  -1.5015015015015016       0.16162587821183455     
  -1.4714714714714716       0.16434517383974268     
  -1.4414414414414416       0.16704033067120128     
  -1.4114114114114116       0.16970846918276156     
  -1.3813813813813816       0.17234672432914575     
  -1.3513513513513513       0.17495225421993429     
  -1.3213213213213213       0.17752224913395651     
  -1.2912912912912913       0.18005394083410267     
  -1.2612612612612613       0.18254461213367784     
  -1.2312312312312312       0.18499160665404207     
  -1.2012012012012012       0.18739233870169547     
  -1.1711711711711712       0.18974430318243071     
  -1.1411411411411412       0.19204508546028648     
  -1.1111111111111112       0.19429237106054151     
  -1.0810810810810811       0.19648395510886577     
  -1.0510510510510511       0.19861775139354762     
  -1.0210210210210211       0.20069180093453581     
 -0.99099099099099108       0.20270427994154000     
 -0.96096096096096106       0.20465350704496330     
 -0.93093093093093104       0.20653794968634731     
 -0.90090090090090102       0.20835622956082842     
 -0.87087087087087101       0.21010712701180817     
 -0.84084084084084088       0.21178958428800732     
 -0.81081081081081086       0.21340270758462127     
 -0.78078078078078084       0.21494576780437519     
 -0.75075075075075082       0.21641819998869025     
 -0.72072072072072080       0.21781960138630593     
 -0.69069069069069078       0.21914972814366618     
 -0.66066066066066076       0.22040849061987028     
 -0.63063063063063074       0.22159594734768598     
 -0.60060060060060072       0.22271229768115872     
 -0.57057057057057070       0.22375787318915563     
 -0.54054054054054057       0.22473312787296917     
 -0.51051051051051055       0.22563862730398807     
 -0.48048048048048059       0.22647503679456407     
 -0.45045045045045051       0.22724310873118042     
 -0.42042042042042049       0.22794366921362497     
 -0.39039039039039047       0.22857760415680958     
 -0.36036036036036045       0.22914584502275789     
 -0.33033033033033044       0.22964935435941503     
 -0.30030030030030036       0.23008911132948789     
 -0.27027027027027034       0.23046609741661495     
 -0.24024024024024032       0.23078128249769539     
 -0.21021021021021030       0.23103561146917048     
 -0.18018018018018025       0.23122999161088145     
 -0.15015015015015024       0.23136528086418157     
 -0.12012012012012020       0.23144227719163418     
  -9.0090090090090169E-002  0.23146170917283845     
  -6.0060060060060150E-002  0.23142422797603573     
  -3.0030030030030117E-002  0.23133040082767878     
  -8.6736173798840355E-017  0.23118070608200561     
   3.0030030030029943E-002  0.23097552997149559     
   6.0060060060059969E-002  0.23071516509468901     
   9.0090090090090003E-002  0.23039981067427459     
  0.12012012012012004       0.23002957459126250     
  0.15015015015015007       0.22960447717599286     
  0.18018018018018009       0.22912445670940704     
  0.21021021021021014       0.22858937656244158     
  0.24024024024024015       0.22799903387572110     
  0.27027027027027017       0.22735316965761121     
  0.30030030030030019       0.22665148015613606     
  0.33033033033033021       0.22589362933932960     
  0.36036036036036029       0.22507926230048472     
  0.39039039039039031       0.22420801938905749     
  0.42042042042042033       0.22327955085517467     
  0.45045045045045035       0.22229353178637623     
  0.48048048048048037       0.22124967710933510     
  0.51051051051051044       0.22014775642691684     
  0.54054054054054046       0.21898760846237708     
  0.57057057057057048       0.21776915488803247     
  0.60060060060060050       0.21649241332463204     
  0.63063063063063052       0.21515750931088107     
  0.66066066066066054       0.21376468705875651     
  0.69069069069069056       0.21231431883065036     
  0.72072072072072058       0.21080691279716307     
  0.75075075075075071       0.20924311926019271     
  0.78078078078078073       0.20762373515425259     
  0.81081081081081074       0.20594970676861135     
  0.84084084084084076       0.20422213066400033     
  0.87087087087087078       0.20244225278896164     
  0.90090090090090080       0.20061146583263148     
  0.93093093093093082       0.19873130488060764     
  0.96096096096096084       0.19680344147009118     
  0.99099099099099086       0.19482967616639005     
   1.0210210210210209       0.19281192980680181     
   1.0510510510510509       0.19075223357772322     
   1.0810810810810809       0.18865271810664633     
   1.1111111111111109       0.18651560176215709     
   1.1411411411411410       0.18434317836177205     
   1.1711711711711710       0.18213780448890587     
   1.2012012012012010       0.17990188661736717     
   1.2312312312312312       0.17763786823385305     
   1.2612612612612613       0.17534821713659066     
   1.2912912912912913       0.17303541307235709     
   1.3213213213213213       0.17070193585453750     
   1.3513513513513513       0.16835025408305371     
   1.3813813813813813       0.16598281456309313     
   1.4114114114114114       0.16360203249507249     
   1.4414414414414414       0.16121028248338728     
   1.4714714714714714       0.15880989038762430     
   1.5015015015015014       0.15640312601762793     
   1.5315315315315314       0.15399219665378547     
   1.5615615615615615       0.15157924135681586     
   1.5915915915915915       0.14916632601789903     
   1.6216216216216215       0.14675543908993680     
   1.6516516516516515       0.14434848793506319     
   1.6816816816816815       0.14194729572141379     
   1.7117117117117115       0.13955359880400900     
   1.7417417417417416       0.13716904452989584     
   1.7717717717717716       0.13479518941583526     
   1.8018018018018016       0.13243349765746742     
   1.8318318318318316       0.13008533994127133     
   1.8618618618618619       0.12775199254377317     
   1.8918918918918919       0.12543463671630539     
   1.9219219219219219       0.12313435836620255     
   1.9519519519519519       0.12085214805761031     
   1.9819819819819819       0.11858890136456851     
   2.0120120120120117       0.11634541961676979     
   2.0420420420420418       0.11412241108295168     
   2.0720720720720718       0.11192049263841446     
   2.1021021021021018       0.10974019196135985     
   2.1321321321321318       0.10758195029775248     
   2.1621621621621618       0.10544612582611466     
   2.1921921921921923       0.10333299764280302     
   2.2222222222222223       0.10124277037462601     
   2.2522522522522523        9.9175579410501633E-002
   2.2822822822822824        9.7131496727015140E-002
   2.3123123123123124        9.5110537265377160E-002
   2.3423423423423424        9.3112665799993943E-002
   2.3723723723723724        9.1137804222129901E-002
   2.4024024024024024        8.9185839146873544E-002
   2.4324324324324325        8.7256629738334382E-002
   2.4624624624624625        8.5350015637069426E-002
   2.4924924924924925        8.3465824865970401E-002
   2.5225225225225225        8.1603881586117935E-002
   2.5525525525525525        7.9764013573044884E-002
   2.5825825825825826        7.7946059286244040E-002
   2.6126126126126126        7.6149874410668422E-002
   2.6426426426426426        7.4375337758387144E-002
   2.6726726726726726        7.2622356430749227E-002
   2.7027027027027026        7.0890870156658528E-002
   2.7327327327327327        6.9180854739688769E-002
   2.7627627627627627        6.7492324565846834E-002
   2.7927927927927927        6.5825334143758490E-002
   2.8228228228228227        6.4179978669680976E-002
   2.8528528528528527        6.2556393630149670E-002
   2.8828828828828827        6.0954753474816388E-002
   2.9129129129129128        5.9375269410489886E-002
   2.9429429429429428        5.7818186384167858E-002
   2.9729729729729728        5.6283779337369014E-002
   3.0030030030030028        5.4772348826236820E-002
   3.0330330330330328        5.3284216111088030E-002
   3.0630630630630629        5.1819717825720861E-002
   3.0930930930930929        5.0379200340242812E-002
   3.1231231231231229        4.8963013931920485E-002
   3.1531531531531529        4.7571506876595622E-002
   3.1831831831831829        4.6205019568652826E-002
   3.2132132132132130        4.4863878770963178E-002
   3.2432432432432430        4.3548392087604630E-002
   3.2732732732732730        4.2258842742317171E-002
   3.3033033033033030        4.0995484734543522E-002
   3.3333333333333330        3.9758538433304264E-002
   3.3633633633633631        3.8548186657236728E-002
   3.3933933933933931        3.7364571277378231E-002
   3.4234234234234231        3.6207790367896640E-002
   3.4534534534534531        3.5077895919491016E-002
   3.4834834834834836        3.3974892120490811E-002
   3.5135135135135136        3.2898734202229794E-002
   3.5435435435435436        3.1849327838050286E-002
   3.5735735735735736        3.0826529079241827E-002
   3.6036036036036037        2.9830144806491047E-002
   3.6336336336336337        2.8859933671818851E-002
   3.6636636636636637        2.7915607503378077E-002
   3.6936936936936937        2.6996833143794311E-002
   3.7237237237237237        2.6103234691683769E-002
   3.7537537537537538        2.5234396115416616E-002
   3.7837837837837838        2.4389864207891212E-002
   3.8138138138138138        2.3569151850877088E-002
   3.8438438438438438        2.2771741557114897E-002
   3.8738738738738738        2.1997089257827767E-002
   3.9039039039039038        2.1244628302310466E-002
   3.9339339339339339        2.0513773634925511E-002
   3.9639639639639639        1.9803926112986661E-002
   3.9939939939939939        1.9114476926796367E-002
   4.0240240240240235        1.8444812080478941E-002
   4.0540540540540535        1.7794316889457332E-002
   4.0840840840840835        1.7162380447475815E-002
   4.1141141141141144        1.6548400013298280E-002
   4.1441441441441444        1.5951785264690082E-002
   4.1741741741741745        1.5371962365313761E-002
   4.2042042042042045        1.4808377788955305E-002
   4.2342342342342345        1.4260501845183566E-002
   4.2642642642642645        1.3727831851399940E-002
   4.2942942942942945        1.3209894898381517E-002
   4.3243243243243246        1.2706250159930202E-002
   4.3543543543543546        1.2216490702266245E-002
   4.3843843843843846        1.1740244755268050E-002
   4.4144144144144146        1.1277176415580315E-002
   4.4444444444444446        1.0826985760849749E-002
   4.4744744744744747        1.0389408364742139E-002
   4.5045045045045047        9.9642142137410204E-003
   4.5345345345345347        9.5512060387365431E-003
   4.5645645645645647        9.1502170867819050E-003
   4.5945945945945947        8.7611083708005275E-003
   4.6246246246246248        8.3837654470539143E-003
   4.6546546546546548        8.0180947815298529E-003
   4.6846846846846848        7.6640197766534657E-003
   4.7147147147147148        7.3214765385492004E-003
   4.7447447447447448        6.9904094721780358E-003
   4.7747747747747749        6.6707667967460275E-003
   4.8048048048048049        6.3624960766518910E-003
   4.8348348348348349        6.0655398637307128E-003
   4.8648648648648649        5.7798315446136988E-003
   4.8948948948948949        5.5052914826323835E-003
   4.9249249249249250        5.2418235369584842E-003
   4.9549549549549550        4.9893120327180159E-003
   4.9849849849849850        4.7476192449023916E-003
   5.0150150150150150        4.5165834462958269E-003
   5.0450450450450450        4.2960175557212781E-003
   5.0750750750750750        4.0857084080534786E-003
   5.1051051051051051        3.8854166521048008E-003
   5.1351351351351351        3.6948772670953056E-003
   5.1651651651651651        3.5138006734233241E-003
   5.1951951951951951        3.3418743992976040E-003
   5.2252252252252251        3.1787652518779114E-003
   5.2552552552552552        3.0241219302672598E-003
   5.2852852852852852        2.8775780083140790E-003
   5.3153153153153152        2.7387552079622601E-003
   5.3453453453453452        2.6072668790023015E-003
   5.3753753753753752        2.4827215986239831E-003
   5.4054054054054053        2.3647268041621372E-003
   5.4354354354354353        2.2528923747977734E-003
   5.4654654654654653        2.1468340825882568E-003
   5.4954954954954953        2.0461768398393502E-003
   5.5255255255255253        1.9505576782337633E-003
   5.5555555555555554        1.8596284049726189E-003
   5.5855855855855854        1.7730578921178216E-003
   5.6156156156156154        1.6905339669623233E-003
   5.6456456456456454        1.6117648832184913E-003
   5.6756756756756754        1.5364803647202835E-003
   5.7057057057057055        1.4644322248179927E-003
   5.7357357357357355        1.3953945753746100E-003
   5.7657657657657655        1.3291636489575469E-003
   5.7957957957957955        1.2655572662172015E-003
   5.8258258258258255        1.2044139873689387E-003
   5.8558558558558556        1.1455919920209498E-003
   5.8858858858858856        1.0889677352525148E-003
   5.9159159159159156        1.0344344298418573E-003
   5.9459459459459456        9.8190040492105541E-004
   5.9759759759759756        9.3128739020386622E-004
   6.0060060060060056        8.8252877243876328E-004
   6.0360360360360357        8.3556786707108155E-004
   6.0660660660660657        7.9035624346740952E-004
   6.0960960960960957        7.4685213669429282E-004
   6.1261261261261257        7.0501897298968130E-004
   6.1561561561561557        6.6482402995696340E-004
   6.1861861861861858        6.2623724637480898E-004
   6.2162162162162158        5.8923019055874548E-004
   6.2462462462462458        5.5377519061768380E-004
   6.2762762762762758        5.1984462487310898E-004
   6.3063063063063058        4.8741036627261383E-004
   6.3363363363363359        4.5644337091836753E-004
   6.3663663663663659        4.2691339789624152E-004
   6.3963963963963959        3.9878884544990113E-004
   6.4264264264264259        3.7203668718161637E-004
   6.4564564564564559        3.4662249133587611E-004
   6.4864864864864860        3.2251050626719567E-004
   6.5165165165165160        2.9966379582555252E-004
   6.5465465465465460        2.7804440951433214E-004
   6.5765765765765760        2.5761357378078413E-004
   6.6066066066066060        2.3833189257982515E-004
   6.6366366366366361        2.2015954730214188E-004
   6.6666666666666670        2.0305648817698605E-004
   6.6966966966966970        1.8698261125815716E-004
   6.7267267267267270        1.7189791700039349E-004
   6.7567567567567570        1.5776264816870768E-004
   6.7867867867867870        1.4453740634630860E-004
   6.8168168168168171        1.3218324758441905E-004
   6.8468468468468471        1.2066175875123503E-004
   6.8768768768768771        1.0993511688323334E-004
   6.9069069069069071        9.9966134328018203E-005
   6.9369369369369371        9.0718292712522997E-005
   6.9669669669669672        8.2155768800356142E-005
   6.9969969969969972        7.4243455150242420E-005
   7.0270270270270272        6.6946978190215791E-005
   7.0570570570570572        6.0232715917602662E-005
   7.0870870870870872        5.4067816960348772E-005
   7.1171171171171173        4.8420222226456415E-005
   7.1471471471471473        4.3258689857176400E-005
   7.1771771771771773        3.8552823713676179E-005
   7.2072072072072073        3.4273105188542076E-005
   7.2372372372372373        3.0390927759476433E-005
   7.2672672672672673        2.6878633404257917E-005
   7.2972972972972974        2.3709549779397402E-005
   7.3273273273273274        2.0858026931102611E-005
   7.3573573573573574        1.8299472253056189E-005
   7.3873873873873874        1.6010382424536941E-005
   7.4174174174174174        1.3968371145318608E-005
   7.4474474474474475        1.2152191619424793E-005
   7.4774774774774775        1.0541752916011900E-005
   7.5075075075075075        9.1181295398517455E-006
   7.5375375375375375        7.8635637638490052E-006
   7.5675675675675675        6.7614605003511831E-006
   7.5975975975975976        5.7963747065380248E-006
   7.6276276276276276        4.9539915233059053E-006
   7.6576576576576576        4.2210995299172253E-006
   7.6876876876876876        3.5855576531860131E-006
   7.7177177177177176        3.0362563968194699E-006
   7.7477477477477477        2.5630741521027115E-006
   7.7777777777777777        2.1568294152749324E-006
   7.8078078078078077        1.8092297708774079E-006
   7.8378378378378377        1.5128185062829085E-006
   7.8678678678678677        1.2609197035847332E-006
   7.8978978978978978        1.0475826146272414E-006
   7.9279279279279278        8.6752606712514495E-007
   7.9579579579579578        7.1608357858172852E-007
   7.9879879879879878        5.8914977404700221E-007
   8.0180180180180187        4.8312861740272946E-007
   8.0480480480480487        3.9488387723387721E-007
   8.0780780780780788        3.2169216043682396E-007
   8.1081081081081088        2.6119876204368053E-007
   8.1381381381381388        2.1137650033577825E-007
   8.1681681681681688        1.7048763371319518E-007
   8.1981981981981988        1.3704889104674375E-007
   8.2282282282282289        1.0979959099948949E-007
   8.2582582582582589        8.7672778319682578E-008
   8.2882882882882889        6.9769266303486856E-008
   8.3183183183183189        5.5334444165197478E-008
   8.3483483483483489        4.3737685388519474E-008
   8.3783783783783790        3.4454177568254584E-008
   8.4084084084084090        2.7048984992165337E-008
   8.4384384384384390        2.1163151410255383E-008
   8.4684684684684690        1.6501651232705023E-008
   8.4984984984984990        1.2823001947005861E-008
   8.5285285285285291        9.9303580528210476E-009
   8.5585585585585591        7.6639165462372752E-009
   8.5885885885885891        5.8944752854003936E-009
   8.6186186186186191        4.5179978616765134E-009
   8.6486486486486491        3.4510513942304905E-009
   8.6786786786786791        2.6269965549888920E-009
   8.7087087087087092        1.9928217890257823E-009
   8.7387387387387392        1.5065258699591792E-009
   8.7687687687687692        1.1349644347996546E-009
   8.7987987987987992        8.5208684974268648E-010
   8.8288288288288292        6.3749958907016116E-010
   8.8588588588588593        4.7530122616987118E-010
   8.8888888888888893        3.5314213438154697E-010
   8.9189189189189193        2.6146909742237472E-010
   8.9489489489489493        1.9292127526917805E-010
   8.9789789789789793        1.4184941585887436E-010
   9.0090090090090094        1.0393490880689314E-010
   9.0390390390390394        7.5889312258987199E-011
   9.0690690690690694        5.5218417252048920E-011
   9.0990990990990994        4.0037813908130778E-011
   9.1291291291291294        2.8929356015672608E-011
   9.1591591591591595        2.0829946623303283E-011
   9.1891891891891895        1.4945743888443999E-011
   9.2192192192192195        1.0686264980340277E-011
   9.2492492492492495        7.6139922618605188E-012
   9.2792792792792795        5.4060007882029462E-012
   9.3093093093093096        3.8248647057185264E-012
   9.3393393393393396        2.6966929092265514E-012
   9.3693693693693696        1.8946173822788844E-012
   9.3993993993993996        1.3264330655437575E-012
   9.4294294294294296        9.2538439142800845E-013
   9.4594594594594597        6.4332620165525290E-013
   9.4894894894894897        4.4566835757898139E-013
   9.5195195195195197        3.0765439319285152E-013
   9.5495495495495497        2.1163353689850613E-013
   9.5795795795795797        1.4506919894123229E-013
   9.6096096096096097        9.9091091381810959E-014
   9.6396396396396398        6.7446904880636498E-014
   9.6696696696696698        4.5746387670405528E-014
   9.6996996996996998        3.0918493448167881E-014
   9.7297297297297298        2.0823127685814131E-014
   9.7597597597597598        1.3974591364052029E-014
   9.7897897897897899        9.3453850541576728E-015
   9.8198198198198199        6.2275845696476475E-015
   9.8498498498498499        4.1352888899624727E-015
   9.8798798798798799        2.7362470755002017E-015
   9.9099099099099099        1.8041284747353351E-015
   9.9399399399399400        1.1853368276602488E-015
   9.9699699699699700        7.7602862827688083E-016
   10.000000000000000        5.0626143923514778E-016
   10.030030030030030        3.2910357538889749E-016
   10.060060060060060        2.1318198887223201E-016
   10.090090090090090        1.3760306260619017E-016
   10.120120120120120        8.8504408610347464E-017
   10.150150150150150        5.6723166260124583E-017
   10.180180180180180        3.6225495337567402E-017
   10.210210210210210        2.3052926586888568E-017
   10.240240240240240        1.4618245032527058E-017
   10.270270270270270        9.2367974345241586E-018
   10.300300300300300        5.8157295047065768E-018
   10.330330330330330        3.6487421036555287E-018
   10.360360360360360        2.2810664027462697E-018
   10.390390390390390        1.4209803962630579E-018
   10.420420420420420        8.8205011164951795E-019
   10.450450450450450        5.4557325105546476E-019
   10.480480480480480        3.3625375729275410E-019
   10.510510510510510        2.0650716573858548E-019
   10.540540540540540        1.2637368616653594E-019
   10.570570570570570        7.7060421117794592E-020
   10.600600600600600        4.6822969828749281E-020
   10.630630630630630        2.8349085300105905E-020
   10.660660660660660        1.7102961996611865E-020
   10.690690690690690        1.0281476121782419E-020
   10.720720720720720        6.1587298337347839E-021
   10.750750750750750        3.6760216750536903E-021
   10.780780780780781        2.1863309080216571E-021
   10.810810810810811        1.2956996578823411E-021
   10.840840840840841        7.6514389248194055E-022
   10.870870870870871        4.5022739697631236E-022
   10.900900900900901        2.6397966107066436E-022
   10.930930930930931        1.5422631405515705E-022
   10.960960960960961        8.9783324022630534E-023
   10.990990990990991        5.2081297915070696E-023
   11.021021021021021        3.0103470683191194E-023
   11.051051051051051        1.7338029196278540E-023
   11.081081081081081        9.9501820051335034E-024
   11.111111111111111        5.6899729473768854E-024
   11.141141141141141        3.2421791817748315E-024
   11.171171171171171        1.8408195390584124E-024
   11.201201201201201        1.0414359626937238E-024
   11.231231231231231        5.8708480997135787E-025
   11.261261261261261        3.2977353865031673E-025
   11.291291291291291        1.8457684851991696E-025
   11.321321321321321        1.0294017152131395E-025
   11.351351351351351        5.7205603173624134E-026
   11.381381381381381        3.1676563259809057E-026
   11.411411411411411        1.7477654092820946E-026
   11.441441441441441        9.6088986150716315E-027
   11.471471471471471        5.2639198424720032E-027
   11.501501501501501        2.8733591204880231E-027
   11.531531531531531        1.5628429536499335E-027
   11.561561561561561        8.4700381283260399E-028
   11.591591591591591        4.5740383161053589E-028
   11.621621621621621        2.4612654301769479E-028
   11.651651651651651        1.3196572348828607E-028
   11.681681681681681        7.0503015455569003E-029
   11.711711711711711        3.7531672963671526E-029
   11.741741741741741        1.9908184761552150E-029
   11.771771771771771        1.0522252998293861E-029
   11.801801801801801        5.5415210536934163E-030
   11.831831831831831        2.9079855322342927E-030
   11.861861861861861        1.5205417179318711E-030
   11.891891891891891        7.9222241210770058E-031
   11.921921921921921        4.1128080313855598E-031
   11.951951951951951        2.1275125475481139E-031
   11.981981981981981        1.0965995101086583E-031
   12.012012012012011        5.6320440544453752E-032
   12.042042042042041        2.8822123312812620E-032
   12.072072072072071        1.4696966044959023E-032
   12.102102102102101        7.4674282694978098E-033
   12.132132132132131        3.7805583053643287E-033
   12.162162162162161        1.9071383426415436E-033
   12.192192192192191        9.5862709174009755E-034
   12.222222222222221        4.8012941293952518E-034
   12.252252252252251        2.3961163878421467E-034
   12.282282282282281        1.1915118472552829E-034
   12.312312312312311        5.9037716901984139E-035
   12.342342342342342        2.9147502973386898E-035
   12.372372372372372        1.4338827774946967E-035
   12.402402402402402        7.0285593412168201E-036
   12.432432432432432        3.4328848966068706E-036
   12.462462462462462        1.6706763042041796E-036
   12.492492492492492        8.1014996403063905E-037
   12.522522522522522        3.9145193538126064E-037
   12.552552552552552        1.8846525119066879E-037
   12.582582582582582        9.0411534472357449E-038
   12.612612612612612        4.3217137512292147E-038
   12.642642642642642        2.0583899779976846E-038
   12.672672672672672        9.7687438429150114E-039
   12.702702702702702        4.6194374187492863E-039
   12.732732732732732        2.1766001782451985E-039
   12.762762762762762        1.0218975160799514E-039
   12.792792792792792        4.7805189426086686E-040
   12.822822822822822        2.2283410858502041E-040
   12.852852852852852        1.0349684860192494E-040
   12.882882882882882        4.7897332688121130E-041
   12.912912912912912        2.2086870721448530E-041
   12.942942942942942        1.0148354286828653E-041
   12.972972972972972        4.6461747258138682E-042
   13.003003003003002        2.1195021378662695E-042
   13.033033033033032        9.6340856160183270E-043
   13.063063063063062        4.3634035961297226E-043
   13.093093093093094        1.9691483289974331E-043
   13.123123123123124        8.8546125365427312E-044
   13.153153153153154        3.9673334225422466E-044
   13.183183183183184        1.7711925361793572E-044
   13.213213213213214        7.8789928350707972E-045
   13.243243243243244        3.4923151253596622E-045
   13.273273273273274        1.5423887904992837E-045
   13.303303303303304        6.7875328060675484E-046
   13.333333333333334        2.9762376086004725E-046
   13.363363363363364        1.3003515162040307E-046
   13.393393393393394        5.6609768591206550E-047
   13.423423423423424        2.4556098595895863E-047
   13.453453453453454        1.0613647768736795E-047
   13.483483483483484        4.5709579210002265E-048
   13.513513513513514        1.9614939096762297E-048
   13.543543543543544        8.3869457105850269E-049
   13.573573573573574        3.5732036312529879E-049
   13.603603603603604        1.5168712136072902E-049
   13.633633633633634        6.4161809367135098E-050
   13.663663663663664        2.7042160656064568E-050
   13.693693693693694        1.1356460940601852E-050
   13.723723723723724        4.7520545381745734E-051
   13.753753753753754        1.9813287831856777E-051
   13.783783783783784        8.2312985783035295E-052
   13.813813813813814        3.4073502964856001E-052
   13.843843843843844        1.4054059343851183E-052
   13.873873873873874        5.7759483608445268E-053
   13.903903903903904        2.3652730887396379E-053
   13.933933933933934        9.6510752151631232E-054
   13.963963963963964        3.9237965666356583E-054
   13.993993993993994        1.5895477947215977E-054
   14.024024024024024        6.4161864804649212E-055
   14.054054054054054        2.5805756673226173E-055
   14.084084084084084        1.0341711212879053E-055
   14.114114114114114        4.1295654932178491E-056
   14.144144144144144        1.6430561701776253E-056
   14.174174174174174        6.5138315084890741E-057
   14.204204204204204        2.5730998884438010E-057
   14.234234234234235        1.0127744705825321E-057
   14.264264264264265        3.9719591939058614E-058
   14.294294294294295        1.5521464792635296E-058
   14.324324324324325        6.0436107365753444E-059
   14.354354354354355        2.3447474876441383E-059
   14.384384384384385        9.0642411547876566E-060
   14.414414414414415        3.4914237623780153E-060
   14.444444444444445        1.3400141307358879E-060
   14.474474474474475        5.1245042715971712E-061
   14.504504504504505        1.9526750259680178E-061
   14.534534534534535        7.4138480392647531E-062
   14.564564564564565        2.8047422060602245E-062
   14.594594594594595        1.0572501299260420E-062
   14.624624624624625        3.9709830998829146E-063
   14.654654654654655        1.4861197018095452E-063
   14.684684684684685        5.5417250406279637E-064
   14.714714714714715        2.0590720977694048E-064
   14.744744744744745        7.6231330442583040E-065
   14.774774774774775        2.8121001325350924E-065
   14.804804804804805        1.0336258632273891E-065
   14.834834834834835        3.7855695536729641E-066
   14.864864864864865        1.3814473539172469E-066
   14.894894894894895        5.0231097294577282E-067
   14.924924924924925        1.8198943693366442E-067
   14.954954954954955        6.5698409956118290E-068
   14.984984984984985        2.3631901650358151E-068
   15.015015015015015        8.4698864796263760E-069
   15.045045045045045        3.0247646543540682E-069
   15.075075075075075        1.0763181010662255E-069
   15.105105105105105        3.8161437690922019E-070
   15.135135135135135        1.3481673825487179E-070
   15.165165165165165        4.7456737932703258E-071
   15.195195195195195        1.6645118988434537E-071
   15.225225225225225        5.8171579534381858E-072
   15.255255255255255        2.0256747550695948E-072
   15.285285285285285        7.0285131055386176E-073
   15.315315315315315        2.4299204899235823E-073
   15.345345345345345        8.3705791213387934E-074
   15.375375375375375        2.8731199970575081E-074
   15.405405405405405        9.8262275813925201E-075
   15.435435435435435        3.3485334768968971E-075
   15.465465465465465        1.1369915154955710E-075
   15.495495495495495        3.8467550617691681E-076
   15.525525525525525        1.2967807494378258E-076
   15.555555555555555        4.3558535179097064E-077
   15.585585585585585        1.4578560693499763E-077
   15.615615615615615        4.8617282897315776E-078
   15.645645645645645        1.6154791239356667E-078
   15.675675675675675        5.3486801813192396E-079
   15.705705705705705        1.7645196773093331E-079
   15.735735735735735        5.8001731421145015E-080
   15.765765765765765        1.8997216360924992E-080
   15.795795795795796        6.1997406339042982E-081
   15.825825825825826        2.0160049642424263E-081
   15.855855855855856        6.5319699769676425E-082
   15.885885885885886        2.1087798955673531E-082
   15.915915915915916        6.7834838973866577E-083
   15.945945945945946        2.1742466084996386E-083
   15.975975975975976        6.9438326435585079E-084
   16.006006006006007        2.2096531830655863E-084
   16.036036036036037        7.0062139097212689E-085
   16.066066066066067        2.2134874591887981E-085
   16.096096096096097        6.9679514816384176E-086
   16.126126126126128        2.1855841609166398E-086
   16.156156156156158        6.8306856772395224E-087
   16.186186186186188        2.1271367125788498E-087
   16.216216216216218        6.6002566998833171E-088
   16.246246246246248        2.0406125698972683E-088
   16.276276276276278        6.2862924624626427E-089
   16.306306306306308        1.9295804360829449E-089
   16.336336336336338        5.9015414155700129E-090
   16.366366366366368        1.7984662211433319E-090
   16.396396396396398        5.4610147871698485E-091
   16.426426426426428        1.6522609860753645E-091
   16.456456456456458        4.9810185603330925E-092
   16.486486486486488        1.4962076660942213E-092
   16.516516516516518        4.4781618202553057E-093
   16.546546546546548        1.3354937815325467E-093
   16.576576576576578        3.9684245307726701E-094
   16.606606606606608        1.1749747604016204E-094
   16.636636636636638        3.4663554549765485E-095
   16.666666666666668        1.0189474498670135E-095
   16.696696696696698        2.9844520223016789E-096
   16.726726726726728        8.7098671115979989E-097
   16.756756756756758        2.5327513647043034E-097
   16.786786786786788        7.3385064192777555E-098
   16.816816816816818        2.1186385969084522E-098
   16.846846846846848        6.0945290602236764E-099
   16.876876876876878        1.7468575263958174E-099
   16.906906906906908        4.9889467630408167E-100
   16.936936936936938        1.4196925234056118E-100
   16.966966966966968        4.0254436595366582E-101
   16.996996996996998        1.1372795565223559E-101
   17.027027027027028        3.2015089884766899E-102
   17.057057057057058        8.9799976417152743E-103
   17.087087087087088        2.5097572351680713E-103
   17.117117117117118        6.9890990199829695E-104
   17.147147147147148        1.9392984473606020E-104
   17.177177177177178        5.3616946245258890E-105
   17.207207207207208        1.4770440962985615E-105
   17.237237237237238        4.0543272419960365E-106
   17.267267267267268        1.1088634845498157E-106
   17.297297297297298        3.0218388544373491E-107
   17.327327327327328        8.2053752695462477E-108
   17.357357357357358        2.2200334376541189E-108
   17.387387387387388        5.9848668973261445E-109
   17.417417417417418        1.6076199312162181E-109
   17.447447447447448        4.3027505173023750E-110
   17.477477477477478        1.1474739622151714E-110
   17.507507507507508        3.0491121390392794E-111
   17.537537537537538        8.0730535003979894E-112
   17.567567567567568        2.1297868116213764E-112
   17.597597597597598        5.5984563773071154E-113
   17.627627627627628        1.4663387761717376E-113
   17.657657657657658        3.8267861097027540E-114
   17.687687687687689        9.9510269135973966E-115
   17.717717717717719        2.5783118734737437E-115
   17.747747747747749        6.6563603632898815E-116
   17.777777777777779        1.7122691271595847E-116
   17.807807807807809        4.3887520334615611E-117
   17.837837837837839        1.1208406467847537E-117
   17.867867867867869        2.8522034794639322E-118
   17.897897897897899        7.2318754453178769E-119
   17.927927927927929        1.8270699013083353E-119
   17.957957957957959        4.5993152275558680E-120
   17.987987987987989        1.1536258291166964E-120
   18.018018018018019        2.8831719379649887E-121
   18.048048048048049        7.1797592915143906E-122
   18.078078078078079        1.7814883712280230E-122
   18.108108108108109        4.4044314942810834E-123
   18.138138138138139        1.0850018582544188E-123
   18.168168168168169        2.6632065748599062E-124
   18.198198198198199        6.5134783115701064E-125
   18.228228228228229        1.5872846930588462E-125
   18.258258258258259        3.8541660342406284E-126
   18.288288288288289        9.3248046289550514E-127
   18.318318318318319        2.2479300251192327E-127
   18.348348348348349        5.3995747208961164E-128
   18.378378378378379        1.2923199199960651E-128
   18.408408408408409        3.0818694175437273E-129
   18.438438438438439        7.3230522798286692E-130
   18.468468468468469        1.7338189226161711E-130
   18.498498498498499        4.0902423439001040E-131
   18.528528528528529        9.6145294966335580E-132
   18.558558558558559        2.2518565515115466E-132
   18.588588588588589        5.2551739040922831E-133
   18.618618618618619        1.2219885718788052E-133
   18.648648648648649        2.8312673048040054E-134
   18.678678678678679        6.5362443064630025E-135
   18.708708708708709        1.5035204818921078E-135
   18.738738738738739        3.4460699319433061E-136
   18.768768768768769        7.8699592923162275E-137
   18.798798798798799        1.7908307522577821E-137
   18.828828828828829        4.0604134286441539E-138
   18.858858858858859        9.1731737169744187E-139
   18.888888888888889        2.0649171335164273E-139
   18.918918918918919        4.6314745424678676E-140
   18.948948948948949        1.0350696507133860E-140
   18.978978978978979        2.3049075216851214E-141
   19.009009009009009        5.1141218204977350E-142
   19.039039039039039        1.1306345764780161E-142
   19.069069069069069        2.4906177754446236E-143
   19.099099099099099        5.4667036010545487E-144
   19.129129129129129        1.1955771115389203E-144
   19.159159159159159        2.6053332023746168E-145
   19.189189189189189        5.6569529985713666E-146
   19.219219219219219        1.2238705311592999E-146
   19.249249249249250        2.6382867323654395E-147
   19.279279279279280        5.6668551837663669E-148
   19.309309309309310        1.2128185693023326E-148
   19.339339339339340        2.5863253742926179E-149
   19.369369369369370        5.4954603698213673E-150
   19.399399399399400        1.1634791205115741E-150
   19.429429429429430        2.4544076666596972E-151
   19.459459459459460        5.1590340267817607E-152
   19.489489489489490        1.0804972644295620E-152
   19.519519519519520        2.2548234063318407E-153
   19.549549549549550        4.6885114165224513E-154
   19.579579579579580        9.7138412023937944E-155
   19.609609609609610        2.0053057401024303E-155
   19.639639639639640        4.1248082820017480E-156
   19.669669669669670        8.4539662411648186E-157
   19.699699699699700        1.7264373352047498E-157
   19.729729729729730        3.5129720584949737E-158
   19.759759759759760        7.1224947130837121E-159
   19.789789789789790        1.4388752325792439E-159
   19.819819819819820        2.8963277014267294E-160
   19.849849849849850        5.8090593822879922E-161
   19.879879879879880        1.1609071577982858E-161
   19.909909909909910        2.3116533806410273E-162
   19.939939939939940        4.5865009837040688E-163
   19.969969969969970        9.0672129577452423E-164
   20.000000000000000        1.7860749827277154E-164
