  -1.0000000000000000        0.0000000000000000        0.0000000000000000     
 -0.99331103678929766        0.0000000000000000        0.0000000000000000     
 -0.98662207357859533        0.0000000000000000        0.0000000000000000     
 -0.97993311036789299        0.0000000000000000        0.0000000000000000     
 -0.97324414715719065        0.0000000000000000        0.0000000000000000     
 -0.96655518394648832        0.0000000000000000        0.0000000000000000     
 -0.95986622073578598        0.0000000000000000        0.0000000000000000     
 -0.95317725752508364        0.0000000000000000        0.0000000000000000     
 -0.94648829431438131        0.0000000000000000        0.0000000000000000     
 -0.93979933110367897        0.0000000000000000        0.0000000000000000     
 -0.93311036789297663        0.0000000000000000        0.0000000000000000     
 -0.92642140468227430        0.0000000000000000        0.0000000000000000     
 -0.91973244147157196        0.0000000000000000        0.0000000000000000     
 -0.91304347826086951        0.0000000000000000        0.0000000000000000     
 -0.90635451505016718        0.0000000000000000        0.0000000000000000     
 -0.89966555183946484        0.0000000000000000        0.0000000000000000     
 -0.89297658862876250        0.0000000000000000        0.0000000000000000     
 -0.88628762541806017        0.0000000000000000        0.0000000000000000     
 -0.87959866220735783        0.0000000000000000        0.0000000000000000     
 -0.87290969899665549        0.0000000000000000        0.0000000000000000     
 -0.86622073578595316        0.0000000000000000        0.0000000000000000     
 -0.85953177257525082        0.0000000000000000        0.0000000000000000     
 -0.85284280936454848        0.0000000000000000        0.0000000000000000     
 -0.84615384615384615        0.0000000000000000        0.0000000000000000     
 -0.83946488294314381        0.0000000000000000        0.0000000000000000     
 -0.83277591973244147        0.0000000000000000        0.0000000000000000     
 -0.82608695652173914        0.0000000000000000        0.0000000000000000     
 -0.81939799331103680        0.0000000000000000        0.0000000000000000     
 -0.81270903010033446        0.0000000000000000        0.0000000000000000     
 -0.80602006688963213        0.0000000000000000        0.0000000000000000     
 -0.79933110367892979        0.0000000000000000        0.0000000000000000     
 -0.79264214046822745        0.0000000000000000        0.0000000000000000     
 -0.78595317725752512        0.0000000000000000        0.0000000000000000     
 -0.77926421404682278        0.0000000000000000        0.0000000000000000     
 -0.77257525083612044        0.0000000000000000        0.0000000000000000     
 -0.76588628762541811        0.0000000000000000        0.0000000000000000     
 -0.75919732441471577        0.0000000000000000        0.0000000000000000     
 -0.75250836120401343        0.0000000000000000        0.0000000000000000     
 -0.74581939799331110        0.0000000000000000        0.0000000000000000     
 -0.73913043478260865        0.0000000000000000        0.0000000000000000     
 -0.73244147157190631        0.0000000000000000        0.0000000000000000     
 -0.72575250836120397        0.0000000000000000        0.0000000000000000     
 -0.71906354515050164        0.0000000000000000        0.0000000000000000     
 -0.71237458193979930        0.0000000000000000        0.0000000000000000     
 -0.70568561872909696        0.0000000000000000        0.0000000000000000     
 -0.69899665551839463        0.0000000000000000        0.0000000000000000     
 -0.69230769230769229        0.0000000000000000        0.0000000000000000     
 -0.68561872909698995        0.0000000000000000        0.0000000000000000     
 -0.67892976588628762        0.0000000000000000        0.0000000000000000     
 -0.67224080267558528        0.0000000000000000        0.0000000000000000     
 -0.66555183946488294        0.0000000000000000        0.0000000000000000     
 -0.65886287625418061        0.0000000000000000        0.0000000000000000     
 -0.65217391304347827        0.0000000000000000        0.0000000000000000     
 -0.64548494983277593        0.0000000000000000        0.0000000000000000     
 -0.63879598662207360        0.0000000000000000        0.0000000000000000     
 -0.63210702341137126        0.0000000000000000        0.0000000000000000     
 -0.62541806020066892        0.0000000000000000        0.0000000000000000     
 -0.61872909698996659        0.0000000000000000        0.0000000000000000     
 -0.61204013377926425        0.0000000000000000        0.0000000000000000     
 -0.60535117056856191        0.0000000000000000        0.0000000000000000     
 -0.59866220735785958        0.0000000000000000        0.0000000000000000     
 -0.59197324414715724        0.0000000000000000        0.0000000000000000     
 -0.58528428093645490        0.0000000000000000        0.0000000000000000     
 -0.57859531772575257        0.0000000000000000        0.0000000000000000     
 -0.57190635451505023        0.0000000000000000        0.0000000000000000     
 -0.56521739130434778        0.0000000000000000        0.0000000000000000     
 -0.55852842809364545        0.0000000000000000        0.0000000000000000     
 -0.55183946488294311        0.0000000000000000        0.0000000000000000     
 -0.54515050167224077        0.0000000000000000        0.0000000000000000     
 -0.53846153846153844        0.0000000000000000        0.0000000000000000     
 -0.53177257525083610        0.0000000000000000        0.0000000000000000     
 -0.52508361204013376        0.0000000000000000        0.0000000000000000     
 -0.51839464882943143        0.0000000000000000        0.0000000000000000     
 -0.51170568561872909        0.0000000000000000        0.0000000000000000     
 -0.50501672240802675        0.0000000000000000        0.0000000000000000     
 -0.49832775919732442        0.0000000000000000        0.0000000000000000     
 -0.49163879598662208        0.0000000000000000        0.0000000000000000     
 -0.48494983277591974        0.0000000000000000        0.0000000000000000     
 -0.47826086956521741        0.0000000000000000        0.0000000000000000     
 -0.47157190635451507        0.0000000000000000        0.0000000000000000     
 -0.46488294314381273        0.0000000000000000        0.0000000000000000     
 -0.45819397993311040        0.0000000000000000        0.0000000000000000     
 -0.45150501672240806        0.0000000000000000        0.0000000000000000     
 -0.44481605351170572        0.0000000000000000        0.0000000000000000     
 -0.43812709030100333        0.0000000000000000        0.0000000000000000     
 -0.43143812709030099        0.0000000000000000        0.0000000000000000     
 -0.42474916387959866        0.0000000000000000        0.0000000000000000     
 -0.41806020066889632        0.0000000000000000        0.0000000000000000     
 -0.41137123745819398        0.0000000000000000        0.0000000000000000     
 -0.40468227424749165        0.0000000000000000        0.0000000000000000     
 -0.39799331103678931        0.0000000000000000        0.0000000000000000     
 -0.39130434782608697        0.0000000000000000        0.0000000000000000     
 -0.38461538461538464        0.0000000000000000        0.0000000000000000     
 -0.37792642140468230        0.0000000000000000        0.0000000000000000     
 -0.37123745819397996        0.0000000000000000        0.0000000000000000     
 -0.36454849498327763        6.9169190417774516E-323   0.0000000000000000     
 -0.35785953177257523        8.1206023074133107E-312   0.0000000000000000     
 -0.35117056856187290        6.1542458671004608E-301   0.0000000000000000     
 -0.34448160535117056        2.9815933578289058E-290   0.0000000000000000     
 -0.33779264214046822        9.2344057045283551E-280   0.0000000000000000     
 -0.33110367892976589        1.8283378863965447E-269   0.0000000000000000     
 -0.32441471571906355        2.3141469609951005E-259   0.0000000000000000     
 -0.31772575250836121        1.8724592781235897E-249   0.0000000000000000     
 -0.31103678929765888        9.6854721476863186E-240   0.0000000000000000     
 -0.30434782608695654        3.2026994168778978E-230   0.0000000000000000     
 -0.29765886287625420        6.7701537863925160E-221   0.0000000000000000     
 -0.29096989966555187        9.1488784201417899E-212   0.0000000000000000     
 -0.28428093645484953        7.9035853525363354E-203   0.0000000000000000     
 -0.27759197324414719        4.3648307497485599E-194   0.0000000000000000     
 -0.27090301003344480        1.5409822554765512E-185   0.0000000000000000     
 -0.26421404682274247        3.4778819491004072E-177   0.0000000000000000     
 -0.25752508361204013        5.0178653625556805E-169   0.0000000000000000     
 -0.25083612040133779        4.6281789336687605E-161   0.0000000000000000     
 -0.24414715719063546        2.7289039327007816E-153   0.0000000000000000     
 -0.23745819397993312        1.0286161110109956E-145   0.0000000000000000     
 -0.23076923076923078        2.4785938429841507E-138   0.0000000000000000     
 -0.22408026755852845        3.8180743386303620E-131   0.0000000000000000     
 -0.21739130434782611        3.7598486455680923E-124   0.0000000000000000     
 -0.21070234113712377        2.3669185565932581E-117   0.0000000000000000     
 -0.20401337792642141        9.5254003080453622E-111   0.0000000000000000     
 -0.19732441471571907        2.4505870137310368E-104   0.0000000000000000     
 -0.19063545150501673        4.0303613963985585E-098   0.0000000000000000     
 -0.18394648829431440        4.2374523336286842E-092   0.0000000000000000     
 -0.17725752508361206        2.8480829760521246E-086   0.0000000000000000     
 -0.17056856187290972        1.2237351459509376E-080   0.0000000000000000     
 -0.16387959866220736        3.3613150937829293E-075   0.0000000000000000     
 -0.15719063545150502        5.9022559923348027E-070   0.0000000000000000     
 -0.15050167224080269        6.6254279198222852E-065   0.0000000000000000     
 -0.14381270903010035        4.7544140683823441E-060   0.0000000000000000     
 -0.13712374581939801        2.1810591627356025E-055   0.0000000000000000     
 -0.13043478260869568        6.3962532682933791E-051   0.0000000000000000     
 -0.12374581939799333        1.1991468577836855E-046   0.0000000000000000     
 -0.11705685618729099        1.4371731169600017E-042   0.0000000000000000     
 -0.11036789297658864        1.1011301661811571E-038   0.0000000000000000     
 -0.10367892976588630        5.3934506966999162E-035   0.0000000000000000     
  -9.6989966555183965E-002   1.6889010127782496E-031   0.0000000000000000     
  -9.0301003344481628E-002   3.3812126526009084E-028   0.0000000000000000     
  -8.3612040133779278E-002   4.3282594040825359E-025   0.0000000000000000     
  -7.6923076923076941E-002   3.5432996735278090E-022   0.0000000000000000     
  -7.0234113712374605E-002   1.8557292469159178E-019   0.0000000000000000     
  -6.3545150501672254E-002   6.2221581868691259E-017   0.0000000000000000     
  -5.6856187290969917E-002   1.3374639135355107E-014   0.0000000000000000     
  -5.0167224080267574E-002   1.8478988349352889E-012   0.0000000000000000     
  -4.3478260869565237E-002   1.6492228142036081E-010   0.0000000000000000     
  -3.6789297658862893E-002   9.5942183497136870E-009   0.0000000000000000     
  -3.0100334448160553E-002   3.6949717771084021E-007   0.0000000000000000     
  -2.3411371237458213E-002   9.6485607674831331E-006   0.0000000000000000     
  -1.6722408026755869E-002   1.7609945394079886E-004   0.0000000000000000     
  -1.0033444816053529E-002   2.3102520099869679E-003   0.0000000000000000     
  -3.3444816053511883E-003   2.2106181750500956E-002   0.0000000000000000     
   3.3444816053511527E-003  0.15445550574508102        0.0000000000000000     
   1.0033444816053495E-002  0.78806281158093938        0.0000000000000000     
   1.6722408026755835E-002   2.9603872913302078        0.0000000000000000     
   2.3411371237458175E-002   8.2825733330793394        0.0000000000000000     
   3.0100334448160515E-002   17.347202286975303        0.0000000000000000     
   3.6789297658862859E-002   27.182199781612582        0.0000000000000000     
   4.3478260869565202E-002   31.919672670923443        0.0000000000000000     
   5.0167224080267539E-002   28.198906354636833        0.0000000000000000     
   5.6856187290969883E-002   18.720952576372849        0.0000000000000000     
   6.3545150501672226E-002   9.2894145678562072        0.0000000000000000     
   7.0234113712374563E-002   3.4412074082031867        0.0000000000000000     
   7.6923076923076900E-002  0.95592183558027277        0.0000000000000000     
   8.3612040133779250E-002  0.19942459392096137        0.0000000000000000     
   9.0301003344481587E-002   3.1086462689880745E-002   0.0000000000000000     
   9.6989966555183924E-002   3.6009612750275864E-003   0.0000000000000000     
  0.10367892976588627        3.0873623405500768E-004   0.0000000000000000     
  0.11036789297658861        1.9367068215957561E-005   0.0000000000000000     
  0.11705685618729095        8.6655651339692345E-007   0.0000000000000000     
  0.12374581939799328        2.6765515732115839E-008   0.0000000000000000     
  0.13043478260869562        5.5432157938584405E-010   0.0000000000000000     
  0.13712374581939799        7.5419085573076905E-012   0.0000000000000000     
  0.14381270903010032        6.6577810854244431E-014   0.0000000000000000     
  0.15050167224080266        3.7867839934349271E-016   0.0000000000000000     
  0.15719063545150500        1.3825223423030839E-018   0.0000000000000000     
  0.16387959866220733        3.2335314906789590E-021   0.0000000000000000     
  0.17056856187290967        4.8399455449131942E-024   0.0000000000000000     
  0.17725752508361203        4.6337531284200878E-027   0.0000000000000000     
  0.18394648829431437        2.8368503460752004E-030   0.0000000000000000     
  0.19063545150501671        1.1104284075347719E-033   0.0000000000000000     
  0.19732441471571904        2.7788447169891067E-037   0.0000000000000000     
  0.20401337792642138        4.4457155348873299E-041   0.0000000000000000     
  0.21070234113712372        4.5468914907938282E-045   0.0000000000000000     
  0.21739130434782605        2.9728901621900270E-049   0.0000000000000000     
  0.22408026755852842        1.2426028717729866E-053   0.0000000000000000     
  0.23076923076923075        3.3202742853051828E-058   0.0000000000000000     
  0.23745819397993309        5.6715678167710067E-063   0.0000000000000000     
  0.24414715719063543        6.1932636434443699E-068   0.0000000000000000     
  0.25083612040133779        4.3233772252958391E-073   0.0000000000000000     
  0.25752508361204013        1.9293620915823750E-078   0.0000000000000000     
  0.26421404682274247        5.5041639507443583E-084   0.0000000000000000     
  0.27090301003344480        1.0038202950592445E-089   0.0000000000000000     
  0.27759197324414714        1.1703279093702410E-095   0.0000000000000000     
  0.28428093645484948        8.7226034041055891E-102   0.0000000000000000     
  0.29096989966555181        4.1559629106110893E-108   0.0000000000000000     
  0.29765886287625415        1.2658556084658847E-114   0.0000000000000000     
  0.30434782608695649        2.4648111332556154E-121   0.0000000000000000     
  0.31103678929765882        3.0681041159629041E-128   0.0000000000000000     
  0.31772575250836116        2.4414256829838741E-135   0.0000000000000000     
  0.32441471571906350        1.2419493762341546E-142   0.0000000000000000     
  0.33110367892976589        4.0387897707623001E-150   0.0000000000000000     
  0.33779264214046822        8.3962540480076630E-158   0.0000000000000000     
  0.34448160535117056        1.1158526851939782E-165   0.0000000000000000     
  0.35117056856187290        9.4801481464360105E-174   0.0000000000000000     
  0.35785953177257523        5.1488513592123529E-182   0.0000000000000000     
  0.36454849498327757        1.7876914124890345E-190   0.0000000000000000     
  0.37123745819397991        3.9679091735392103E-199   0.0000000000000000     
  0.37792642140468224        5.6301227049379245E-208   0.0000000000000000     
  0.38461538461538458        5.1069424856488318E-217   0.0000000000000000     
  0.39130434782608692        2.9613588868319051E-226   0.0000000000000000     
  0.39799331103678925        1.0977617330566916E-235   0.0000000000000000     
  0.40468227424749159        2.6014297445438368E-245   0.0000000000000000     
  0.41137123745819393        3.9409695993804276E-255   0.0000000000000000     
  0.41806020066889632        3.8166385882682108E-265   0.0000000000000000     
  0.42474916387959866        2.3629033511299925E-275   0.0000000000000000     
  0.43143812709030099        9.3518568113488842E-286   0.0000000000000000     
  0.43812709030100333        2.3661196817546983E-296   0.0000000000000000     
  0.44481605351170567        3.8270359040820030E-307   0.0000000000000000     
  0.45150501672240800        3.9570853926410871E-318   0.0000000000000000     
  0.45819397993311034        0.0000000000000000        0.0000000000000000     
  0.46488294314381268        0.0000000000000000        0.0000000000000000     
  0.47157190635451501        0.0000000000000000        0.0000000000000000     
  0.47826086956521735        0.0000000000000000        0.0000000000000000     
  0.48494983277591969        0.0000000000000000        0.0000000000000000     
  0.49163879598662202        0.0000000000000000        0.0000000000000000     
  0.49832775919732442        0.0000000000000000        0.0000000000000000     
  0.50501672240802675        0.0000000000000000        0.0000000000000000     
  0.51170568561872909        0.0000000000000000        0.0000000000000000     
  0.51839464882943143        0.0000000000000000        0.0000000000000000     
  0.52508361204013376        0.0000000000000000        0.0000000000000000     
  0.53177257525083610        0.0000000000000000        0.0000000000000000     
  0.53846153846153844        0.0000000000000000        0.0000000000000000     
  0.54515050167224077        0.0000000000000000        0.0000000000000000     
  0.55183946488294311        0.0000000000000000        0.0000000000000000     
  0.55852842809364545        0.0000000000000000        0.0000000000000000     
  0.56521739130434778        0.0000000000000000        0.0000000000000000     
  0.57190635451505012        0.0000000000000000        0.0000000000000000     
  0.57859531772575246        0.0000000000000000        0.0000000000000000     
  0.58528428093645479        0.0000000000000000        0.0000000000000000     
  0.59197324414715713        0.0000000000000000        0.0000000000000000     
  0.59866220735785947        0.0000000000000000        0.0000000000000000     
  0.60535117056856180        0.0000000000000000        0.0000000000000000     
  0.61204013377926414        0.0000000000000000        0.0000000000000000     
  0.61872909698996648        0.0000000000000000        0.0000000000000000     
  0.62541806020066881        0.0000000000000000        0.0000000000000000     
  0.63210702341137126        0.0000000000000000        0.0000000000000000     
  0.63879598662207360        0.0000000000000000        0.0000000000000000     
  0.64548494983277593        0.0000000000000000        0.0000000000000000     
  0.65217391304347827        0.0000000000000000        0.0000000000000000     
  0.65886287625418061        0.0000000000000000        0.0000000000000000     
  0.66555183946488294        0.0000000000000000        0.0000000000000000     
  0.67224080267558528        0.0000000000000000        0.0000000000000000     
  0.67892976588628762        0.0000000000000000        0.0000000000000000     
  0.68561872909698995        0.0000000000000000        0.0000000000000000     
  0.69230769230769229        0.0000000000000000        0.0000000000000000     
  0.69899665551839463        0.0000000000000000        0.0000000000000000     
  0.70568561872909696        0.0000000000000000        0.0000000000000000     
  0.71237458193979930        0.0000000000000000        0.0000000000000000     
  0.71906354515050164        0.0000000000000000        0.0000000000000000     
  0.72575250836120397        0.0000000000000000        0.0000000000000000     
  0.73244147157190631        0.0000000000000000        0.0000000000000000     
  0.73913043478260865        0.0000000000000000        0.0000000000000000     
  0.74581939799331098        0.0000000000000000        0.0000000000000000     
  0.75250836120401332        0.0000000000000000        0.0000000000000000     
  0.75919732441471566        0.0000000000000000        0.0000000000000000     
  0.76588628762541799        0.0000000000000000        0.0000000000000000     
  0.77257525083612033        0.0000000000000000        0.0000000000000000     
  0.77926421404682267        0.0000000000000000        0.0000000000000000     
  0.78595317725752500        0.0000000000000000        0.0000000000000000     
  0.79264214046822734        0.0000000000000000        0.0000000000000000     
  0.79933110367892979        0.0000000000000000        0.0000000000000000     
  0.80602006688963213        0.0000000000000000        0.0000000000000000     
  0.81270903010033446        0.0000000000000000        0.0000000000000000     
  0.81939799331103680        0.0000000000000000        0.0000000000000000     
  0.82608695652173914        0.0000000000000000        0.0000000000000000     
  0.83277591973244147        0.0000000000000000        0.0000000000000000     
  0.83946488294314381        0.0000000000000000        0.0000000000000000     
  0.84615384615384615        0.0000000000000000        0.0000000000000000     
  0.85284280936454848        0.0000000000000000        0.0000000000000000     
  0.85953177257525082        0.0000000000000000        0.0000000000000000     
  0.86622073578595316        0.0000000000000000        0.0000000000000000     
  0.87290969899665549        0.0000000000000000        0.0000000000000000     
  0.87959866220735783        0.0000000000000000        0.0000000000000000     
  0.88628762541806017        0.0000000000000000        0.0000000000000000     
  0.89297658862876250        0.0000000000000000        0.0000000000000000     
  0.89966555183946484        0.0000000000000000        0.0000000000000000     
  0.90635451505016718        0.0000000000000000        0.0000000000000000     
  0.91304347826086951        0.0000000000000000        0.0000000000000000     
  0.91973244147157185        0.0000000000000000        0.0000000000000000     
  0.92642140468227419        0.0000000000000000        0.0000000000000000     
  0.93311036789297652        0.0000000000000000        0.0000000000000000     
  0.93979933110367886        0.0000000000000000        0.0000000000000000     
  0.94648829431438120        0.0000000000000000        0.0000000000000000     
  0.95317725752508353        0.0000000000000000        0.0000000000000000     
  0.95986622073578587        0.0000000000000000        0.0000000000000000     
  0.96655518394648821        0.0000000000000000        0.0000000000000000     
  0.97324414715719065        0.0000000000000000        0.0000000000000000     
  0.97993311036789299        0.0000000000000000        0.0000000000000000     
  0.98662207357859533        0.0000000000000000        0.0000000000000000     
  0.99331103678929766        0.0000000000000000        0.0000000000000000     
   1.0000000000000000        0.0000000000000000        0.0000000000000000     
